Week Ending,Adult-Use Retail Sales,Medical Marijuana Retail Sales,Total Adult-Use and Medical Sales,Adult-Use Products Sold,Medical Products Sold,Total Products Sold,Adult-Use Average Product Price,Medical Average Product Price,Month,Week
2023-01-09/2023-01-15,1485019.32,1776700.69,3261720.01,33610.0,49312.0,82922.0,44.25,36.23,1.0,2
2023-01-16/2023-01-22,1487815.81,2702525.61,4190341.42,33005.0,77461.0,110466.0,45.08,34.89,1.0,3
2023-01-23/2023-01-29,1553216.3,2726237.56,4279453.86,34854.0,76450.0,111304.0,44.56,35.65,1.0,4
2023-01-30/2023-02-05,578840.62,863287.86,1442128.48,12990.0,24023.0,37013.0,44.56,35.93,1.0,5
2023-02-06/2023-02-12,1671205.8,2815023.87,4486229.67,38764.0,77454.0,116218.0,43.33,36.3,2.0,6
2023-02-13/2023-02-19,1742486.74,3008219.03,4750705.77,42178.0,83065.0,125243.0,41.56,36.33,2.0,7
2023-02-20/2023-02-26,1862822.43,2793882.27,4656704.7,45919.0,75990.0,121909.0,40.76,36.74,2.0,8
2023-02-27/2023-03-05,700300.78,853033.11,1553333.89,17570.0,23469.0,41039.0,39.96,36.35,2.0,9
2023-03-06/2023-03-12,2100022.43,2664338.4,4764360.83,51174.0,71988.0,123162.0,41.08,36.92,3.0,10
2023-03-13/2023-03-19,2124468.68,2674501.67,4798970.35,52042.0,72728.0,124770.0,40.81,36.68,3.0,11
2023-03-20/2023-03-26,2151040.59,2798631.38,4949671.97,53130.0,75500.0,128630.0,40.5,37.06,3.0,12
2023-03-27/2023-04-02,1831943.14,2292570.07,4124513.21,45080.0,62239.0,107319.0,40.65,36.66,3.0,13
2023-04-03/2023-04-09,2403561.83,2666563.86,5070125.69,59704.0,74195.0,133899.0,40.26,35.94,4.0,14
2023-04-10/2023-04-16,2087159.31,2517920.96,4605080.27,52875.0,70671.0,123546.0,39.47,35.63,4.0,15
2023-04-17/2023-04-23,2496234.15,3085786.74,5582020.89,66199.0,86307.0,152506.0,37.71,35.75,4.0,16
2023-04-24/2023-04-30,2507966.33,2561633.8,5069600.13,63190.0,67718.0,130908.0,39.69,37.83,4.0,17
2023-05-01/2023-05-07,2282560.02,2414465.01,4697025.03,57754.0,67006.0,124760.0,39.52,36.03,5.0,18
2023-05-08/2023-05-14,2564913.32,2458332.18,5023245.5,64687.0,67872.0,132559.0,39.65,36.22,5.0,19
2023-05-15/2023-05-21,2617368.35,2465160.61,5082528.96,65731.0,68606.0,134337.0,39.82,35.93,5.0,20
2023-05-22/2023-05-28,2800947.71,2841464.8,5642412.51,70934.0,79680.0,150614.0,39.49,35.66,5.0,21
2023-05-29/2023-06-04,1280002.9,1049495.2,2329498.1,32948.0,29594.0,62542.0,38.85,35.46,5.0,22
2023-06-05/2023-06-11,2828270.87,2468881.28,5297152.15,70454.0,65602.0,136056.0,40.15,37.55,6.0,23
2023-06-12/2023-06-18,2875410.83,2585081.31,5460492.14,71879.0,68506.0,140385.0,40.11,37.83,6.0,24
2023-06-19/2023-06-25,2903411.26,2524419.26,5427830.52,72603.0,66998.0,139601.0,39.94,37.73,6.0,25
2023-06-26/2023-07-02,2544960.59,2408269.64,4953230.23,63479.0,64574.0,128053.0,40.19,37.42,6.0,26
2023-07-03/2023-07-09,2890082.75,2312022.99,5202105.74,71956.0,60136.0,132092.0,40.11,38.46,7.0,27
2023-07-10/2023-07-16,2981657.61,2464306.71,5445964.32,73530.0,62523.0,136053.0,40.55,39.41,7.0,28
2023-07-17/2023-07-23,2981433.64,2437203.52,5418637.16,73419.0,62138.0,135557.0,40.62,39.54,7.0,29
2023-07-24/2023-07-30,2966760.63,2389904.19,5356664.82,74494.0,60394.0,134888.0,39.97,39.81,7.0,30
2023-07-31/2023-08-06,725428.91,545129.04,1270557.95,18902.0,14037.0,32939.0,38.42,38.88,7.0,31
2023-08-07/2023-08-13,3150213.59,2524250.92,5674464.51,79640.0,64454.0,144094.0,39.58,39.29,8.0,32
2023-08-14/2023-08-20,3154663.06,2365347.61,5520010.67,80036.0,60189.0,140225.0,39.45,39.4,8.0,33
2023-08-21/2023-08-27,3212642.77,2440709.72,5653352.49,81333.0,61919.0,143252.0,39.53,39.42,8.0,34
2023-08-28/2023-09-03,2128558.59,1687225.97,3815814.56,53520.0,43017.0,96537.0,39.76,39.3,8.0,35
2023-09-04/2023-09-10,3134372.02,2250751.05,5385123.07,81345.0,59987.0,141332.0,38.6,37.37,9.0,36
2023-09-11/2023-09-17,3293747.3,2428145.42,5721892.72,86627.0,63169.0,149796.0,38.13,38.34,9.0,37
2023-09-18/2023-09-24,3294533.61,2403860.11,5698393.72,86311.0,65120.0,151431.0,38.22,37.09,9.0,38
2023-09-25/2023-10-01,3412650.76,2628149.81,6040800.57,89369.0,68486.0,157855.0,38.14,38.02,9.0,39
2023-10-02/2023-10-08,3290023.19,2275197.04,5565220.23,87830.0,62114.0,149944.0,37.51,36.82,10.0,40
2023-10-09/2023-10-15,3420806.53,2423405.19,5844211.72,92222.0,66829.0,159051.0,37.16,36.35,10.0,41
2023-10-16/2023-10-22,3411081.96,2219977.1,5631059.06,92015.0,60874.0,152889.0,37.11,36.4,10.0,42
2023-10-23/2023-10-29,3328567.13,2265270.29,5593837.42,88093.0,61753.0,149846.0,37.37,36.71,10.0,43
2023-10-30/2023-11-05,1293239.48,938302.59,2231542.07,33482.0,25982.0,59464.0,38.61,36.1,10.0,44
